8 9
27 28
34 35
58 59
59 60
61 62
87 88
112 113
117 118
118 119
127 128
140 141
141 142
142 143
149 150
150 151
162 163
163 164
167 168
168 169
182 184
184 185
185 186
186 187
188 189
196 197
203 204
206 207
208 211
213 214
222 223
223 224
225 226
226 227
228 229
234 236
242 243
245 246
246 248
250 251
251 252
261 262
263 265
266 268
276 277
284 285
291 297
302 303
303 304
306 308
310 311
312 313
314 315
315 318
320 322
323 324
324 325
325 326
326 329
329 330
330 331
339 348
366 367
403 404
407 408
409 410
413 414
415 416
422 423
423 424
426 427
430 431
435 436
438 439
443 444
450 451
459 460
464 465
470 471
476 477
480 481
486 487
487 488
491 492
494 495
495 496
499 500
501 502
502 503